	Cluster	Silhouette	Axis1	Axis2
Reduced glutathione	1	0.567294115456862	4.60166945092596	-0.177717838351964
L-glutamate(1-)	1	0.566959652721457	4.67484824418997	0.92337938564331
5-oxoprolinate	1	0.56613957122035	3.48082499555144	1.9426439266193
S-Sulfo-L-cysteine	1	0.560285226442768	2.78254720774405	0.070364165189366
L-serine	1	0.559812104597535	4.81946660805862	-2.5156535941387
L-saccharopinate(1-)	1	0.559365656262573	3.49299210210832	2.39054366335382
L-glutamine	1	0.558933292413059	2.80067445478567	2.76042775514185
glutathione disulfide	1	0.558703766986784	2.54745714239327	1.66163512671048
Citrate	1	0.556929892835934	2.96467378926246	-1.81470851022787
(S)-lactate	1	0.547252920567366	2.75499700359792	-2.42763292882496
L-threonine	1	0.515326273963463	1.48634290581977	2.00352056095909
N-acetylneuraminate	1	0.498436827322266	2.35535400836489	-3.6329471260665
taurocholic acid	1	0.490939917107234	1.34669566925069	1.16630085489488
L-phenylalanine	1	0.4906665081194	1.38822847358812	0.734410205722659
carnosine	1	0.474595558791904	1.03263834192094	-0.538647823076106
ATP(4-)	1	0.468250690549076	1.94871260362855	-3.72407781598105
Taurine	1	0.448803930404667	0.98174958250472	1.05346890515834
L-tyrosine	1	0.44381829578168	0.755308642744251	-1.15434500599761
L-histidine	1	0.441831026026259	0.651316222434965	0.648308608176013
L-tryptophan	1	0.421611928119528	0.222435373764644	-0.603806197973807
L-2-aminoadipate(1-)	1	0.406447481711414	0.00299744866613813	4.52794684985116
GTP	1	0.405092980352822	0.117296479149614	-0.387954058869937
Homovanillate	1	0.400235666864126	-0.0206282198243949	-2.4793085114135
(R)-Pantothenate	1	0.354592052168981	-0.672935076255774	1.60046816946412
D-glycerate	1	0.353727985951966	-0.218376343465209	-2.31226120509645
beta-hydroxy-beta-methylb	1	0.323577474101302	-1.06238542510536	3.03514148213969
Urate	1	0.151602340365845	-2.99760653605175	1.62701657631202
CDPcholine	1	0.129680505349059	-2.26838713448623	-3.36753624070592
Deoxyinosine	1	0.0454176770962755	-3.4313546995954	-0.534719824830691
D-glucose	2	0.621646655965516	-9.03808377999021	-1.34294333151912
galactitol	2	0.562994432052983	-10.9425293342382	0.435347947077599
D-gluconate	2	0.547392011996872	-9.0997859512461	0.723388146180525
myo-inositol	2	0.502664811799244	-7.45715425019633	-0.290052315520045
